6 1
59 320
58 317
57 314
56 311
55 308
54 305
53 300
44 255
51 290
50 285
49 280
48 275
47 270
46 265
45 260
60 323
52 295
61 326
63 331
78 349
77 348
76 347
75 346
74 345
73 344
72 343
71 342
70 341
69 340
68 339
67 338
66 337
65 335
64 333
62 329
79 350
43 250
14 10
21 60
20 50
19 40
18 30
17 20
16 15
15 12
23 80
13 8
12 7
11 6
10 5
9 4
8 3
7 2
22 70
42 245
41 240
25 100
40 235
39 230
38 225
37 220
36 210
35 200
34 190
33 180
32 170
31 160
30 150
29 140
28 130
27 120
26 110
24 90
80 351
