6 1
7 2
8 3
9 4
10 5
11 6
12 7
13 8
14 10
15 12
16 15
17 20
18 30
19 40
20 50
21 60
22 70
23 80
24 90
25 100
26 110
27 120
28 130
29 140
30 150
31 160
32 170
33 180
34 190
35 200
36 210
37 220
38 225
39 230
40 235
41 240
42 245
43 250
44 255
45 260
46 265
47 270
48 275
49 280
50 285
51 290
52 295
53 300
54 305
55 308
56 311
57 314
58 317
59 320
60 323
61 326
62 329
63 331
64 333
65 335
66 337
67 338
68 339
69 340
70 341
71 342
72 343
73 344
74 345
75 346
76 347
77 348
78 349
79 350
80 351
